mloop_version='3.3.4'
archive_type='gaussian_process_learner'
num_params=3
min_boundary=array([-2., -2., -2.])
max_boundary=array([2., 2., 2.])
start_datetime='2024-07-22_09-17'
param_names=['', '', '']
search_precision=1e-06
parameter_searches=10
bad_uncer_frac=0.1
trust_region=nan
has_trust_region=False
predict_global_minima_at_end=True
cost_has_noise=True
length_scale_history=[array([0.01378608, 0.01378608, 0.01378608]), array([1.03659879, 1.03659879, 1.03659879]), array([1.20543043, 1.20543043, 1.20543043]), array([1.14990356, 1.14990356, 1.14990356]), array([1.1888832, 1.1888832, 1.1888832])]
length_scale_bounds=array([[4.e-03, 4.e+01],       [4.e-03, 4.e+01],       [4.e-03, 4.e+01]])
noise_level_history=[5.5923398450444695e-06, 5.592339845044474e-06, 5.592339845044465e-06, 5.592339845044467e-06, 5.592339845044472e-06]
noise_level_bounds=nan
bias_func_cycle=4
bias_func_cost_factor=[1.0, 1.0, 1.0, 1.0]
bias_func_uncer_factor=[0.0, 1.0, 2.0, 3.0]
generation_num=4
update_hyperparameters=True
hyperparameter_searches=10
all_params=array([[ 0.35295928, -1.89777229, -1.18410397],       [-0.57699301,  1.11607127, -0.73210995],       [ 1.75109448,  1.09006577, -1.81570428],       [-0.07148554,  0.99376407, -1.69540694],       [-0.91872144, -0.52858059, -0.15149267],       [ 0.2160325 , -0.01642595,  0.39799122],       [ 1.37472162, -1.51094831,  0.07284809],       [ 0.77149099,  1.33539939,  1.02534738],       [ 0.46071509, -0.72038553, -1.59578526],       [-0.39546954, -1.69218584,  1.64803934],       [-1.43669481, -0.68991287,  0.90202352],       [-0.34082604,  1.76707312,  1.01334444],       [ 0.21921845, -0.01324   ,  0.40117717],       [ 0.2218148 , -0.01064365,  0.40377352],       [ 1.34147019,  1.10901175,  1.52342891],       [ 0.2160325 , -0.01642595,  0.39799122],       [ 0.57924059,  1.31178598, -0.47703959],       [ 0.19671862, -0.13245005, -0.09888124],       [-2.        , -2.        , -2.        ],       [-2.        , -2.        , -2.        ],       [ 0.082634  , -0.18505259,  0.13770467],       [ 0.87112392,  1.52883786,  0.2419868 ],       [ 0.32916184, -0.3066567 , -0.02200219],       [ 0.45284931, -0.42725327,  0.0502284 ],       [-2.        ,  2.        ,  2.        ],       [ 0.19263746, -0.14598231, -0.08607144],       [-1.26698847, -1.05687804, -0.09731548],       [-0.0152287 ,  0.12469067, -0.05310019]])
all_costs=array([-0.72951473, -0.98061575,  0.26259532, -0.9176631 , -1.5487934 ,       -2.54200625, -0.55202267,  0.01077629, -0.68036697, -0.52443577,       -0.02785999, -0.55467578, -2.53696323, -2.53279955,  0.39890527,       -2.54200625, -1.15245551, -2.85100586,  0.00493048,  0.00493048,       -2.77001761, -0.74512192, -2.57042164, -2.25999666,  0.00493048,       -2.84314636, -0.68293419, -2.9950018 ])
all_uncers=array([1.e-08, 1.e-08, 1.e-08, 1.e-08, 1.e-08, 1.e-08, 1.e-08, 1.e-08,       1.e-08, 1.e-08, 1.e-08, 1.e-08, 1.e-08, 1.e-08, 1.e-08, 1.e-08,       1.e-08, 1.e-08, 1.e-08, 1.e-08, 1.e-08, 1.e-08, 1.e-08, 1.e-08,       1.e-08, 1.e-08, 1.e-08, 1.e-08])
bad_run_indexs=[]
best_cost=-2.9950018042044917
best_params=array([-0.0152287 ,  0.12469067, -0.05310019])
best_index=27
worst_cost=0.3989052672163127
worst_index=14
cost_range=3.3939070714208044
costs_count=28
params_count=16
fit_count=5
length_scale=array([1.1888832, 1.1888832, 1.1888832])
noise_level=5.592339845044472e-06
predicted_best_parameters=array([ 0.00458174,  0.10532447, -0.07991863])
predicted_best_scaled_cost=-1.5534086372836526
predicted_best_scaled_uncertainty=0.003841118423531524
predicted_best_cost=-2.996952541082093
predicted_best_uncertainty=0.0043326982239803545
