mloop_version='3.3.4'
archive_type='neural_net_learner'
num_params=2
min_boundary=array([0.1, 0. ])
max_boundary=array([200. ,   2.5])
start_datetime='2024-10-07_08-16'
param_names=['Tickle_Amp', 'V_DC']
search_precision=1e-06
parameter_searches=10
bad_uncer_frac=0.1
trust_region=nan
has_trust_region=False
predict_global_minima_at_end=True
generation_num=3
update_hyperparameters=False
predicted_best_parameters=array([148.74226444,   0.54692551])
predicted_best_scaled_cost=-0.687126
predicted_best_cost=-124.61267105418011
all_params=array([[1.79273262e+02, 2.49801767e+00],       [5.83726661e+01, 7.81513672e-01],       [6.11471969e+01, 1.42427712e+00],       [1.30896032e+02, 9.81715813e-01],       [4.27076853e+00, 1.92462094e-01],       [1.35319662e+02, 5.18678167e-01],       [1.62590200e+02, 6.06464196e-01],       [3.56154345e+01, 6.76458195e-01],       [6.47135224e+01, 5.78632190e-02],       [1.44706623e+02, 1.98636243e+00],       [1.16707834e+02, 1.20655522e+00],       [1.00000000e-01, 2.50000000e+00],       [1.00000000e-01, 1.65094094e+00],       [9.50697992e+01, 2.50000000e+00],       [4.85306333e+01, 1.38271180e+00],       [2.42898066e+01, 1.02915126e+00],       [6.91042414e+01, 1.19684497e+00],       [3.05405873e+01, 9.78098037e-01],       [1.23148771e+02, 2.41379021e+00],       [1.00000000e-01, 1.87623691e+00],       [6.06920781e+01, 6.34365542e-01],       [1.00000000e-01, 1.94980195e+00],       [9.63595826e+01, 8.69660648e-01],       [3.88533744e+01, 9.18229815e-01],       [3.82950764e+01, 8.90815026e-01],       [4.08428095e+01, 9.77746318e-01],       [1.94830850e+02, 1.87697845e+00],       [2.00000000e+02, 1.65919814e+00],       [4.60991655e+01, 1.69552849e+00],       [2.00000000e+02, 1.85501198e+00],       [1.92305593e+02, 4.74475770e-01],       [1.39203168e+02, 2.50000000e+00],       [2.01035697e+01, 8.27614502e-01],       [1.39071159e+02, 2.50000000e+00],       [1.27691208e+02, 1.87657204e+00],       [1.31687076e+02, 2.48066243e+00],       [2.00000000e+02, 1.31517343e+00],       [1.13505549e+02, 1.71219632e+00],       [1.64173567e+02, 1.50804785e+00],       [2.95689311e+01, 8.73903475e-01],       [1.92049366e+02, 1.11022302e-16],       [7.17256187e+01, 1.43380353e+00],       [4.32204834e+01, 1.01702037e+00],       [1.24925572e+02, 1.33172670e+00],       [5.47230416e+01, 9.99282712e-01],       [1.43477790e+02, 7.13018894e-01],       [1.69009923e+02, 1.23990995e+00],       [1.84728072e+02, 5.71199077e-01],       [1.02477144e+02, 4.98304915e-01],       [1.28878558e+02, 2.50000000e+00],       [9.21387830e+01, 2.43112718e+00],       [1.00000000e-01, 2.50000000e+00],       [4.23588707e+01, 9.04291284e-01],       [7.26086293e+01, 8.86735639e-01],       [1.14007553e+02, 2.57030711e-01],       [6.00323383e+01, 8.05980173e-01],       [2.40711603e+01, 1.35536707e+00],       [5.36436175e+01, 7.99647681e-01],       [6.74190119e+01, 8.24326864e-01],       [9.35042008e+01, 2.13703064e+00],       [1.26856233e+02, 2.24365535e+00],       [5.35661657e+01, 1.23822989e+00],       [4.29887396e+01, 2.05000422e+00],       [6.40545954e+01, 1.06884716e+00],       [8.40296664e+01, 1.01535133e+00],       [7.60001908e+01, 2.38325013e+00],       [1.93120366e+01, 1.95886106e+00],       [8.06993565e+01, 6.47592597e-01],       [5.82517452e+01, 1.11098670e+00],       [1.42628699e+02, 2.49925117e+00],       [3.95701942e+01, 2.03179304e+00],       [5.92738033e+01, 1.04296023e+00],       [7.50555654e+00, 2.23757650e+00],       [6.33148140e+01, 9.46684139e-01],       [1.30194969e+01, 8.44294518e-01]])
all_costs=array([  34.08165931,   35.60080696,   30.72550092,   22.2292014 ,       1950.64971261,   34.89333718,   23.53371964,   62.34087355,        599.68051046,   43.63697089,   16.2634249 ,   12.03383503,         24.99072889,  284.4695563 ,   27.00631745,  906.29807478,        149.41796729,   41.21042894,   14.38462659,   44.33723563,        127.14621734,   20.22743463,  144.24323879,   26.49793591,         54.77945015,  203.36582998,   49.0350768 ,    6.24529071,        350.15212989,   89.51467524,   15.24328552,   28.49137971,        228.5778208 ,   11.6473296 ,   37.43544652,   25.6402594 ,         76.70623111,   37.77657676,   34.01917242, 1601.54958777,       1969.5797897 ,   84.81906189, 1270.97402337,   26.17928491,         38.88487319,  158.98894701,   57.07422342,   37.6708441 ,       1388.33905969,   32.47221129,   31.49461009,   19.98652657,        120.45744058,   30.05439659,  237.74737023,   39.3724144 ,        252.81343829, 1071.31967888,   26.41550637,   78.35740612,         59.18311217,   38.45780354,  216.59172633,   21.39969917,       1969.5797897 ,   54.947934  ,   24.01243341,   35.22365634,          6.98411409,   35.83170547,   30.28157379,   13.88894421,        928.42935937,   13.99794531,  105.10224677])
all_uncers=array([ 821.70429384,  742.15211574,  895.15046354,  878.06697931,       1153.44214042,  920.93930831,  751.50148365,  752.61926685,        367.9278618 ,  803.60531132,  941.16596578,  933.32114169,        930.41295553,  714.56658323,  755.21121128,  623.31259931,        832.07018487,  835.92439464,  838.6871535 ,  697.7053377 ,        884.01765191,  793.01148134,  718.90287081,  748.45153607,        822.89953721,  653.9066319 ,  719.11727886,  827.32718317,        720.47183014,  954.91605751,  839.50338658,  919.22080601,        656.80732804,  892.98330527,  782.73716666,  647.14901398,        673.33917072,  795.54263607,  813.98094049,  921.64582235,        196.3334499 ,  887.5229546 ,  749.86299699,  841.07612151,        783.11884161,  803.70469633,  838.13641933,  882.42297546,        819.50144901, 1011.45419397,  943.82760445,  982.79831016,        640.41162808, 1017.73943222,  616.42010564,  710.78164948,        625.85701802,  671.06439613,  793.88030957,  733.33046351,        736.16635869,  795.30145774,  719.93569645,  713.93164762,       1096.9978392 ,  834.31450465,  738.50948655,  758.99937548,        856.93437749,  906.06605017,  859.12463378,  808.17712956,        617.85489131,  751.67241341,  869.20466489])
bad_run_indexs=[40]
best_cost=6.2452907082870786
best_params=array([200.        ,   1.65919814])
best_index=27
worst_cost=1969.5797896963657
worst_index=64
cost_range=1963.3344989880786
costs_count=75
params_count=52
cost_scaler_init_index=11
net_0={'last_hyperfit': 0, 'last_net_reg': 1e-08, 'regularization_history': [1e-08], 'losses_list': [0.49650568, 0.12031503, 0.013296159, 0.0059798593, 0.0044195526, 0.00032852535, 0.0005510073, 2.7057815e-05, 8.129729e-05, 1.2271493e-05, 3.3260235e-06, 3.9170795e-06, 1.6937995e-06, 7.176723e-07, 5.4800853e-07, 5.341843e-07, 5.318822e-07, 5.290641e-07, 5.267196e-07, 5.260649e-07, 5.256995e-07, 5.2561677e-07, 5.2560705e-07, 5.256051e-07, 5.255966e-07, 5.2559517e-07, 5.255946e-07, 5.255944e-07, 5.255944e-07, 5.2559443e-07, 0.021750735, 0.020195628, 0.0031331154, 0.0008146155, 0.00041820042, 3.054543e-05, 3.791575e-05, 1.5460095e-05, 4.851974e-06, 3.988993e-06, 1.8043762e-06, 9.595474e-07, 6.8180304e-07, 5.5862876e-07, 5.282626e-07, 5.2920996e-07, 0.14837527, 0.13099691, 0.07820098, 0.1132791, 0.090824544, 0.09138054, 0.06405073, 0.04259565, 0.034969088, 0.030325571, 0.025586449, 0.021924349, 0.017475301, 0.013582652, 0.011966422, 0.0073954877, 0.0050457795, 0.0027153955, 0.009273108, 0.0033324494, 0.0009860896, 0.00084887486, 0.00049919635, 0.000731604, 0.00022900835, 0.00022938289, 0.0690076, 0.014006489, 0.00999143, 0.006594985, 0.0050478517, 0.003936429, 0.002795896, 0.002160411, 0.0019955963, 0.0014169569, 0.0012828547, 0.0010661032, 0.00084021693, 0.00059855107, 0.000563561, 0.00046334518, 0.009998046, 0.0022939104, 0.00081557565, 0.0005086487, 0.00052585395, 0.0004475947, 0.005989053, 0.008839877, 0.0077844826, 0.0019792416, 0.0012560943, 0.0008242483, 0.00079520146, 0.00062616, 0.0008348575, 0.00054788665, 0.00053404213, 0.00042783655, 0.3761324, 0.1391419, 0.11849915, 0.080669016, 0.008414878, 0.011136911, 0.001573672, 0.0015034406, 0.0007988206, 0.00061983557, 0.0006266555, 0.0005086387, 0.07777096, 0.055525143, 0.040441483, 0.14907333, 0.103903204, 0.036291335, 0.15268649, 0.029300751, 0.18606894, 0.16678609, 0.1616896, 0.18248396, 0.21724586, 0.18867084, 0.17036484, 0.15303537, 0.13319676, 0.09287901, 0.06457817, 0.048844714, 0.046960868, 0.040436275, 0.048752423, 0.031867046, 0.033585306, 0.025754545, 0.021038698, 0.023710592, 0.011759195, 0.00833574, 0.13247198, 0.016468033, 0.012576963, 0.119363375, 0.057741325, 0.017207017, 0.0038981384, 0.0034060383, 0.0042513083, 0.0018571744, 0.005384432, 0.002215805, 0.0014095367, 0.0045673973, 0.0045024785, 0.001999133, 0.03644982, 0.028651718, 0.025945446, 0.019449774, 0.013186346, 0.008388193, 0.00470711, 0.006033053, 0.0022565913, 0.0018139827, 0.0015520368, 0.0013217886, 0.0008607435, 0.00078460627, 0.00081436156, 0.0007627122], 'scaler_samples': (array([[1.79273262e+02, 2.49801767e+00],       [5.83726661e+01, 7.81513672e-01],       [6.11471969e+01, 1.42427712e+00],       [1.30896032e+02, 9.81715813e-01],       [4.27076853e+00, 1.92462094e-01],       [1.35319662e+02, 5.18678167e-01],       [1.62590200e+02, 6.06464196e-01],       [3.56154345e+01, 6.76458195e-01],       [6.47135224e+01, 5.78632190e-02],       [1.44706623e+02, 1.98636243e+00],       [1.16707834e+02, 1.20655522e+00]]), array([  34.08165931,   35.60080696,   30.72550092,   22.2292014 ,       1950.64971261,   34.89333718,   23.53371964,   62.34087355,        599.68051046,   43.63697089,   16.2634249 ])), 'net': {'saver_path': './M-LOOP_archives/neural_net_archive_2024-10-07_08-16_smDGuuNW.ckpt'}}
net_1={'last_hyperfit': 0, 'last_net_reg': 1e-08, 'regularization_history': [1e-08], 'losses_list': [3.2938383, 0.33880222, 0.1597251, 0.051442463, 0.020723868, 0.012667613, 0.0044313455, 0.0019316034, 0.00042531165, 0.00012265897, 8.383185e-05, 5.7962006e-05, 2.899699e-05, 1.2628207e-05, 6.078883e-06, 3.2393984e-06, 1.7840168e-06, 1.0597033e-06, 7.4269263e-07, 6.1276194e-07, 5.5874494e-07, 5.377366e-07, 5.309299e-07, 5.2893364e-07, 5.2838277e-07, 5.2825646e-07, 5.2824146e-07, 5.2824095e-07, 5.282402e-07, 5.2823987e-07, 0.018211622, 0.0046861004, 0.0010717468, 0.0008569787, 0.00029478586, 3.2702777e-05, 2.0663934e-05, 7.5684966e-06, 4.9957343e-06, 1.6049828e-06, 8.2787824e-07, 6.3353775e-07, 5.777143e-07, 5.5600475e-07, 0.1089391, 0.12137384, 0.09748173, 0.060733315, 0.035603393, 0.028934442, 0.025424002, 0.020510739, 0.017387936, 0.012491376, 0.01069711, 0.008224554, 0.006407703, 0.002921798, 0.0023707498, 0.0021368314, 0.044209875, 0.01127911, 0.008624069, 0.007876638, 0.005907713, 0.0043450976, 0.003399141, 0.0024547316, 0.001923338, 0.0014214718, 0.01982064, 0.0050898353, 0.0015450321, 0.0008904599, 0.0008149461, 0.00057918, 0.00051362446, 0.00045503688, 0.030334787, 0.11823296, 0.011064017, 0.026896767, 0.012748824, 0.004691879, 0.0046476275, 0.0059802155, 0.3895466, 0.14063671, 0.116045654, 0.09308106, 0.15496401, 0.05575738, 0.1614594, 0.1084364, 0.05365308, 0.04385887, 0.02717842, 0.022431511, 0.019277476, 0.018608553, 0.14045553, 0.0613244, 0.16664554, 0.028483018, 0.03378153, 0.018234488, 0.019020073, 0.015149943, 0.013752005, 0.010798886, 0.06881953, 0.043531813, 0.04069475, 0.02744604, 0.023269225, 0.018346373, 0.016130095, 0.010253774, 0.0056778993, 0.012167589, 0.015178446, 0.01525076, 0.0048194034, 0.005201261, 0.1823297, 0.13285746, 0.061983068, 0.10252781, 0.10231498, 0.031135496, 0.023256188, 0.02207016, 0.018795898, 0.01502528, 0.011406285, 0.009622481, 0.007713601, 0.008196628, 0.047152415, 0.044040456, 0.03913574, 0.032974944], 'scaler_samples': (array([[1.79273262e+02, 2.49801767e+00],       [5.83726661e+01, 7.81513672e-01],       [6.11471969e+01, 1.42427712e+00],       [1.30896032e+02, 9.81715813e-01],       [4.27076853e+00, 1.92462094e-01],       [1.35319662e+02, 5.18678167e-01],       [1.62590200e+02, 6.06464196e-01],       [3.56154345e+01, 6.76458195e-01],       [6.47135224e+01, 5.78632190e-02],       [1.44706623e+02, 1.98636243e+00],       [1.16707834e+02, 1.20655522e+00]]), array([  34.08165931,   35.60080696,   30.72550092,   22.2292014 ,       1950.64971261,   34.89333718,   23.53371964,   62.34087355,        599.68051046,   43.63697089,   16.2634249 ])), 'net': {'saver_path': './M-LOOP_archives/neural_net_archive_2024-10-07_08-16_sw7ksHjp.ckpt'}}
net_2={'last_hyperfit': 0, 'last_net_reg': 1e-08, 'regularization_history': [1e-08], 'losses_list': [0.9674684, 0.1827691, 0.03908086, 0.012897195, 0.002733267, 0.0016031029, 0.00055464485, 0.0002096796, 7.690357e-05, 2.1485504e-05, 6.420564e-06, 2.4031845e-06, 1.1053021e-06, 9.4897496e-07, 6.09762e-07, 5.670603e-07, 5.4259516e-07, 5.2827124e-07, 5.230761e-07, 5.2130747e-07, 5.205677e-07, 5.203335e-07, 5.2032595e-07, 5.203062e-07, 5.202959e-07, 5.20293e-07, 5.2029236e-07, 5.202921e-07, 5.2029174e-07, 5.202917e-07, 0.061777905, 0.0052927835, 0.0016647198, 0.0013246363, 0.0004932528, 7.464259e-05, 3.5864712e-05, 1.4610223e-05, 4.524734e-06, 2.0410246e-06, 1.1101922e-06, 7.8763765e-07, 6.407522e-07, 5.380719e-07, 0.15315022, 0.19758381, 0.07396131, 0.05729193, 0.063264035, 0.035843536, 0.02770816, 0.022536723, 0.017121153, 0.0131602315, 0.012045819, 0.007676875, 0.0046488205, 0.0032201924, 0.0018522729, 0.0012839112, 0.0014071275, 0.00028432347, 0.0002956542, 0.00018564005, 0.036384482, 0.009698195, 0.006233121, 0.004624903, 0.0035524203, 0.0028404733, 0.0023614354, 0.002064237, 0.0018600364, 0.001652852, 0.009961833, 0.0032906698, 0.0018003553, 0.0013770715, 0.002279105, 0.087093815, 0.053271145, 0.016660102, 0.011313606, 0.009220195, 0.26403257, 0.16803633, 0.1504279, 0.14634511, 0.21161823, 0.20242347, 0.2600527, 0.27258822, 0.19172761, 0.16309382, 0.15371971, 0.14211984, 0.20784603, 0.15957455, 0.12535357, 0.09435801, 0.07044685, 0.052471314, 0.047258075, 0.02477011, 0.022681946, 0.018046707, 0.010782646, 0.008024951, 0.0038808256, 0.0029899515, 0.0027790077, 0.0025998368, 0.0017516803, 0.0025403956, 0.0116081275, 0.0036253205, 0.002184242, 0.0016258898, 0.0009211268, 0.0009070878, 0.00067796, 0.0007547632, 0.15912321, 0.09344085, 0.08576333, 0.17853992, 0.07670605, 0.035358213, 0.030741965, 0.017804217, 0.01988525, 0.013074719, 0.012153358, 0.006404494, 0.004390723, 0.0033214167, 0.0028470797, 0.005895861, 0.003340308, 0.0012783916, 0.039681997, 0.032443944, 0.029935403, 0.026243223], 'scaler_samples': (array([[1.79273262e+02, 2.49801767e+00],       [5.83726661e+01, 7.81513672e-01],       [6.11471969e+01, 1.42427712e+00],       [1.30896032e+02, 9.81715813e-01],       [4.27076853e+00, 1.92462094e-01],       [1.35319662e+02, 5.18678167e-01],       [1.62590200e+02, 6.06464196e-01],       [3.56154345e+01, 6.76458195e-01],       [6.47135224e+01, 5.78632190e-02],       [1.44706623e+02, 1.98636243e+00],       [1.16707834e+02, 1.20655522e+00]]), array([  34.08165931,   35.60080696,   30.72550092,   22.2292014 ,       1950.64971261,   34.89333718,   23.53371964,   62.34087355,        599.68051046,   43.63697089,   16.2634249 ])), 'net': {'saver_path': './M-LOOP_archives/neural_net_archive_2024-10-07_08-16_AqCkr9Pz.ckpt'}}
