mloop_version='3.3.4'
archive_type='neural_net_learner'
num_params=2
min_boundary=array([1., 0.])
max_boundary=array([20. ,  2.5])
start_datetime='2024-07-25_19-59'
param_names=['Num Be+', 'V_DC']
search_precision=1e-06
parameter_searches=10
bad_uncer_frac=0.1
trust_region=nan
has_trust_region=False
predict_global_minima_at_end=True
generation_num=3
update_hyperparameters=False
predicted_best_parameters=array([4.98916512, 0.24383614])
predicted_best_scaled_cost=-13.233979
predicted_best_cost=-106.54806136800481
all_params=array([[12.78659037,  0.25189025],       [ 9.49528995,  1.06931818],       [ 4.89174403,  0.98911778],       [10.15857286,  0.48858928],       [15.62693834,  0.61799477],       [12.46785636,  1.7500593 ],       [16.44732126,  0.50988065],       [13.43271974,  2.34958928],       [19.7256614 ,  2.48241776],       [16.08870886,  0.42717517],       [ 3.35332663,  1.78358987],       [14.9965273 ,  0.85055685],       [15.94101123,  0.81757267],       [15.64472711,  0.91948795],       [13.53173897,  1.18396366],       [14.73997502,  0.59440377],       [16.43994011,  0.6169563 ],       [15.03962468,  0.55153928],       [16.02367644,  0.75283851],       [15.25450555,  0.64278373],       [16.13043287,  0.72034452],       [15.43454842,  0.63821802],       [12.74271462,  0.9599387 ],       [15.70302561,  0.67765232],       [16.19614795,  0.67465624],       [15.85470542,  0.66581618],       [15.04718384,  1.10629199],       [15.29775399,  0.66661423],       [15.33272498,  0.64892228],       [15.35542977,  0.65778879],       [ 9.63784758,  0.52984187],       [18.14150982,  1.01420858],       [15.78614507,  0.65711066],       [17.07466464,  0.73154506],       [ 7.57449493,  1.424571  ],       [17.71236961,  0.72446617],       [18.17054237,  0.68330971],       [16.99209177,  0.74066437],       [ 8.74981868,  2.24984739],       [17.85326178,  0.76402101],       [19.70826785,  0.75496251],       [17.97869954,  0.74382689],       [ 2.96141735,  1.6281218 ],       [17.76096518,  0.73314917],       [17.9971705 ,  0.75919191],       [17.82806341,  0.72029069],       [ 8.0355205 ,  0.50999795],       [ 1.        ,  1.60256368],       [ 1.        ,  1.57430353],       [ 1.        ,  1.4284496 ],       [ 7.89612895,  1.92019904],       [ 1.        ,  1.49500066],       [ 1.        ,  1.5154836 ],       [ 1.        ,  1.48346807],       [ 6.25443321,  0.32413702],       [ 1.        ,  1.74340286],       [ 1.        ,  1.53487573],       [ 1.        ,  1.53471947],       [ 8.13155179,  1.21111146],       [ 1.        ,  0.        ],       [ 1.        ,  0.        ],       [ 1.        ,  0.        ],       [14.28418088,  0.30410797],       [ 1.        ,  1.54124045],       [ 5.318293  ,  0.03593184],       [ 1.        ,  1.49346489],       [ 8.63994374,  2.47220838],       [ 1.        ,  1.49709199],       [ 1.        ,  1.50645343],       [ 1.        ,  1.48445169],       [ 5.15240336,  1.01406858],       [ 6.26434655,  0.30615539],       [ 1.        ,  1.50898092],       [ 1.        ,  1.44789041],       [17.77735806,  0.54352083],       [ 5.99943673,  0.28437412],       [ 6.11888289,  0.27111804],       [ 6.09118938,  0.27473886],       [ 4.49157805,  2.25730809],       [ 6.01392138,  0.29576163],       [ 6.18385155,  0.31738746],       [ 6.08521012,  0.32719195],       [13.79340829,  1.94531174],       [ 6.46586879,  0.36250028],       [ 6.06052022,  0.37638145],       [ 5.13767475,  0.27269807],       [ 3.61902876,  1.38175796],       [ 5.20463045,  0.37748217],       [ 4.44023774,  0.26380392],       [ 4.25227874,  0.3274912 ],       [ 9.59846581,  1.86829163],       [ 4.48781354,  0.23475003],       [ 4.64503366,  0.2428077 ],       [ 4.87018152,  0.28278475],       [ 2.58132284,  0.719982  ],       [ 4.26593288,  0.21330233],       [ 4.40309511,  0.21950429],       [ 4.21367379,  0.20089097],       [ 9.48661605,  2.15865265],       [ 4.75705886,  0.27359407]])
all_costs=array([-1.15232051e+01, -5.19279289e+00, -2.44023173e+00, -8.32366667e+00,       -2.76720542e+01, -1.48550637e+01, -2.11887385e+01, -1.40287182e+01,       -7.67034955e+00, -1.80550561e+01, -1.60867876e+01, -1.69841322e+01,       -1.93912751e+01, -1.96466008e+01, -4.65606427e+00, -2.34607456e+01,       -2.16401962e+01, -2.05241391e+01, -2.07653276e+01, -2.68398528e+01,       -3.07037446e+01, -2.32495046e+01, -1.63719498e+01, -2.08342052e+01,       -2.14422680e+01, -2.57181051e+01, -1.16323187e+01, -2.49510598e+01,       -2.24263293e+01, -2.02732407e+01, -1.97021143e+01, -1.28941087e+01,       -2.74340015e+01, -2.80582446e+01, -2.86686825e+00, -3.80189038e+01,       -3.03650884e+01, -3.20458853e+01, -7.90084116e+00, -2.99049657e+01,       -2.63967390e+01, -3.35431968e+01, -3.32204968e+01, -2.89083672e+01,       -2.87341237e+01, -3.50487349e+01, -9.85487976e+00, -2.62639602e+01,       -5.70938712e+01, -3.64570659e+01, -4.50868541e+00, -4.74039590e+01,       -5.27363971e+01, -3.00354031e+01, -4.88246534e+01, -3.00282905e+01,       -5.04090732e+01, -5.22105050e+01, -4.79601709e+00, -1.25800972e-01,       -1.20572064e+00, -9.02915711e-02, -2.82117052e+01, -4.28121443e+01,       -1.52396796e+01, -7.98390989e+01, -8.06480297e+00, -5.77822696e+01,       -6.52381095e+01, -6.42372556e+01, -9.98511921e-01, -8.29416080e+01,       -6.40313999e+01, -4.47221695e+01, -2.07252995e+01, -7.37422872e+01,       -1.64691241e+01, -5.75192993e+01, -4.93029739e-01, -6.30131282e+01,       -1.24617565e+02, -1.12676990e+02, -3.96905508e+01, -7.87213496e+00,       -6.69011886e+01, -1.38127526e+02, -1.91392370e+01, -6.65786036e+01,       -1.39842884e+02, -3.49288751e+01, -1.27867967e+01, -1.69043271e+02,       -1.31014355e+02, -2.33125345e+00, -3.85072010e+01, -3.54694261e+01,       -7.91367012e+01, -1.08072042e+02, -1.03482514e+01, -3.25879041e+01])
all_uncers=array([1.e-08, 1.e-08, 1.e-08, 1.e-08, 1.e-08, 1.e-08, 1.e-08, 1.e-08,       1.e-08, 1.e-08, 1.e-08, 1.e-08, 1.e-08, 1.e-08, 1.e-08, 1.e-08,       1.e-08, 1.e-08, 1.e-08, 1.e-08, 1.e-08, 1.e-08, 1.e-08, 1.e-08,       1.e-08, 1.e-08, 1.e-08, 1.e-08, 1.e-08, 1.e-08, 1.e-08, 1.e-08,       1.e-08, 1.e-08, 1.e-08, 1.e-08, 1.e-08, 1.e-08, 1.e-08, 1.e-08,       1.e-08, 1.e-08, 1.e-08, 1.e-08, 1.e-08, 1.e-08, 1.e-08, 1.e-08,       1.e-08, 1.e-08, 1.e-08, 1.e-08, 1.e-08, 1.e-08, 1.e-08, 1.e-08,       1.e-08, 1.e-08, 1.e-08, 1.e-08, 1.e-08, 1.e-08, 1.e-08, 1.e-08,       1.e-08, 1.e-08, 1.e-08, 1.e-08, 1.e-08, 1.e-08, 1.e-08, 1.e-08,       1.e-08, 1.e-08, 1.e-08, 1.e-08, 1.e-08, 1.e-08, 1.e-08, 1.e-08,       1.e-08, 1.e-08, 1.e-08, 1.e-08, 1.e-08, 1.e-08, 1.e-08, 1.e-08,       1.e-08, 1.e-08, 1.e-08, 1.e-08, 1.e-08, 1.e-08, 1.e-08, 1.e-08,       1.e-08, 1.e-08, 1.e-08, 1.e-08])
bad_run_indexs=[]
best_cost=-169.043271440225
best_params=array([4.48781354, 0.23475003])
best_index=91
worst_cost=-0.09029157109807784
worst_index=61
cost_range=168.95297986912692
costs_count=100
params_count=70
cost_scaler_init_index=11
net_0={'last_hyperfit': 0, 'last_net_reg': 1e-08, 'regularization_history': [1e-08], 'losses_list': [0.7026178, 0.18160519, 0.09020226, 0.047357965, 0.024204932, 0.00661326, 0.0003115722, 0.0007006796, 0.0002657986, 1.8937824e-05, 4.457234e-05, 9.826743e-06, 1.9381716e-06, 2.6434336e-06, 5.962788e-07, 7.247914e-07, 5.762133e-07, 5.3242485e-07, 5.326085e-07, 5.2250016e-07, 5.2341375e-07, 5.21956e-07, 5.220645e-07, 5.219018e-07, 5.219029e-07, 5.21892e-07, 5.218926e-07, 5.2189023e-07, 5.2188955e-07, 5.2188943e-07, 0.6131842, 0.109574705, 0.09593324, 0.083181, 0.07274113, 0.060924497, 0.0497264, 0.038514625, 0.027217885, 0.016787447, 0.008357426, 0.003289863, 0.0013205103, 0.0006601652, 0.00078312645, 8.820412e-05, 4.5349792e-05, 2.8199534e-05, 0.18579261, 0.06259258, 0.04991225, 0.07695232, 0.024275033, 0.050972488, 0.11629236, 0.092865855, 0.07539851, 0.07063073, 0.183653, 0.128098, 0.10252156, 0.089461505, 0.09459291, 0.08799746, 0.2632808, 0.2525063, 0.1472046, 0.13158062, 0.2770023, 0.13192153, 0.12363805, 0.1232002, 0.12743264, 0.11744252, 0.10663886, 0.106187485, 0.20997413, 0.13116069, 0.14936435, 0.09842479, 0.089527056, 0.08856409, 0.33506233, 0.36268142, 0.5364203, 0.37788156, 1.0290303, 0.5539634, 0.39788693, 0.32362688, 0.34116036, 0.2903732, 2.1566145, 0.5432634, 0.31046346, 0.24571954, 0.2922185, 0.24768628, 0.63454014, 1.2563154, 1.1181391, 0.772179, 1.0477713, 0.81937784, 0.7415456, 0.76528037, 1.2623463, 1.2027581, 2.7164705, 2.9724476, 4.6747255, 3.9918277, 5.5652313, 4.4406667, 3.8516092, 3.1054406, 3.6399465, 3.864476, 6.0484962, 5.281393, 8.223845, 8.847737, 8.978073, 7.685757, 9.634038, 7.7293015], 'scaler_samples': (array([[12.78659037,  0.25189025],       [ 9.49528995,  1.06931818],       [ 4.89174403,  0.98911778],       [10.15857286,  0.48858928],       [15.62693834,  0.61799477],       [12.46785636,  1.7500593 ],       [16.44732126,  0.50988065],       [13.43271974,  2.34958928],       [19.7256614 ,  2.48241776],       [16.08870886,  0.42717517],       [ 3.35332663,  1.78358987]]), array([-11.52320512,  -5.19279289,  -2.44023173,  -8.32366667,       -27.67205418, -14.85506369, -21.18873851, -14.0287182 ,        -7.67034955, -18.05505609, -16.08678755])), 'net': {'saver_path': './M-LOOP_archives/neural_net_archive_2024-07-25_19-59_iUFsdJp9.ckpt'}}
net_1={'last_hyperfit': 0, 'last_net_reg': 1e-08, 'regularization_history': [1e-08], 'losses_list': [3.5414016, 0.26989898, 0.16234773, 0.1175993, 0.09430885, 0.069233395, 0.053502433, 0.038329203, 0.024432579, 0.014142863, 0.007206816, 0.0032147595, 0.001421005, 0.00082242116, 0.00060011295, 0.0004361644, 0.00029847975, 0.0002005681, 0.00013542875, 9.0882175e-05, 5.9924347e-05, 3.883585e-05, 2.4827552e-05, 1.5684542e-05, 9.807036e-06, 6.1008523e-06, 3.816297e-06, 2.4309666e-06, 1.6098861e-06, 1.1315276e-06, 8.590668e-07, 7.077011e-07, 6.2468155e-07, 5.8032407e-07, 5.570015e-07, 5.4519734e-07, 5.3921684e-07, 5.3626997e-07, 5.349222e-07, 5.342885e-07, 5.3399333e-07, 5.338581e-07, 5.3380876e-07, 5.337803e-07, 5.3376874e-07, 5.337654e-07, 5.337629e-07, 5.3376175e-07, 5.337615e-07, 5.3376164e-07, 0.5456943, 0.18071531, 0.08885737, 0.077229016, 0.14001969, 0.10898814, 0.08903997, 0.066079214, 0.1619069, 0.1087422, 0.08747312, 0.10604637, 0.15374997, 0.11989451, 0.10810488, 0.1027105, 0.10180392, 0.09707579, 0.18978675, 0.14568204, 0.260248, 0.17474167, 0.14725453, 0.15789019, 0.18916126, 0.119543575, 0.11496914, 0.114293866, 0.21553692, 0.14362936, 0.11344858, 0.10086628, 0.43525302, 0.7096257, 0.4179434, 0.38164902, 0.4158537, 0.37538028, 0.8770293, 0.47847524, 0.3955841, 0.34769776, 1.3003933, 0.5191963, 0.3913493, 0.33650482, 0.3340109, 0.30333328, 0.92310923, 0.79585373, 0.7140353, 0.6743046, 0.74293435, 0.6459262, 0.63629997, 0.6192898, 1.0384734, 0.7705145, 0.74825215, 0.8801715, 1.276959, 1.319295, 2.6108196, 3.2529469, 4.844257, 4.669194, 4.74508, 4.0646515, 5.0578084, 4.2823787, 6.165098, 6.1348114, 7.6640263, 7.7294827], 'scaler_samples': (array([[12.78659037,  0.25189025],       [ 9.49528995,  1.06931818],       [ 4.89174403,  0.98911778],       [10.15857286,  0.48858928],       [15.62693834,  0.61799477],       [12.46785636,  1.7500593 ],       [16.44732126,  0.50988065],       [13.43271974,  2.34958928],       [19.7256614 ,  2.48241776],       [16.08870886,  0.42717517],       [ 3.35332663,  1.78358987]]), array([-11.52320512,  -5.19279289,  -2.44023173,  -8.32366667,       -27.67205418, -14.85506369, -21.18873851, -14.0287182 ,        -7.67034955, -18.05505609, -16.08678755])), 'net': {'saver_path': './M-LOOP_archives/neural_net_archive_2024-07-25_19-59_PZQISM-I.ckpt'}}
net_2={'last_hyperfit': 0, 'last_net_reg': 1e-08, 'regularization_history': [1e-08], 'losses_list': [1.4106206, 0.24347489, 0.12591866, 0.08343087, 0.048061743, 0.024901325, 0.010561959, 0.0051759607, 0.0025395774, 0.0013810738, 0.0006010021, 0.00023419366, 8.632058e-05, 2.665481e-05, 7.0914857e-06, 1.6936604e-06, 6.4688766e-07, 5.62073e-07, 5.5335306e-07, 5.468808e-07, 5.2882126e-07, 5.196682e-07, 5.152289e-07, 5.1404663e-07, 5.1387786e-07, 5.13879e-07, 5.138776e-07, 5.138702e-07, 5.1386263e-07, 5.1386104e-07, 0.61075646, 0.12376147, 0.08760066, 0.078831606, 0.06740172, 0.056317516, 0.04450962, 0.033292715, 0.025227426, 0.02004539, 0.016094394, 0.012863885, 0.010186938, 0.007900283, 0.0059749777, 0.004350091, 0.0029925886, 0.0018964494, 0.0010609104, 0.00049348944, 0.00033109842, 6.8506815e-05, 2.2371754e-05, 8.795725e-06, 4.2818465e-06, 1.7395818e-06, 8.2051247e-07, 7.3901725e-07, 5.2008073e-07, 5.416619e-07, 0.37353212, 0.13955368, 0.07148841, 0.07957645, 0.042871054, 0.039356213, 0.032068778, 0.030643301, 0.0870464, 0.0742905, 0.17388444, 0.12483364, 0.10571604, 0.091343075, 0.083592415, 0.08062023, 0.08942576, 0.08357184, 0.21605736, 0.17880721, 0.13563156, 0.14771645, 0.22862138, 0.13311511, 0.117892414, 0.110307015, 0.10253223, 0.10221366, 0.1278424, 0.08387855, 0.07855573, 0.076804966, 0.19646893, 0.1338044, 0.13914056, 0.08185565, 0.4532287, 0.4350823, 0.5195201, 0.39953113, 0.9159622, 0.4686154, 0.4316348, 0.36371383, 1.099263, 0.5352594, 0.43020853, 0.30910853, 0.28327498, 0.28715336, 0.8556363, 0.7035587, 0.8710468, 0.6911067, 1.0350969, 0.7769894, 0.7811655, 0.7962764, 1.3142349, 1.38504, 2.621106, 2.9087195, 5.9823017, 4.0264735, 4.2103467, 3.4913785, 3.0718172, 3.3717897, 4.604421, 3.594243, 2.3992074, 2.0271995, 5.7888927, 5.098835, 4.8005767, 4.445977, 10.170164, 7.3466206], 'scaler_samples': (array([[12.78659037,  0.25189025],       [ 9.49528995,  1.06931818],       [ 4.89174403,  0.98911778],       [10.15857286,  0.48858928],       [15.62693834,  0.61799477],       [12.46785636,  1.7500593 ],       [16.44732126,  0.50988065],       [13.43271974,  2.34958928],       [19.7256614 ,  2.48241776],       [16.08870886,  0.42717517],       [ 3.35332663,  1.78358987]]), array([-11.52320512,  -5.19279289,  -2.44023173,  -8.32366667,       -27.67205418, -14.85506369, -21.18873851, -14.0287182 ,        -7.67034955, -18.05505609, -16.08678755])), 'net': {'saver_path': './M-LOOP_archives/neural_net_archive_2024-07-25_19-59_MyoeGjmm.ckpt'}}
