mloop_version='3.3.4'
archive_type='neural_net_learner'
num_params=2
min_boundary=array([1., 1.])
max_boundary=array([20., 20.])
start_datetime='2024-07-30_16-42'
param_names=['Num Be+', 'Num O2+']
search_precision=1e-06
parameter_searches=10
bad_uncer_frac=0.1
trust_region=nan
has_trust_region=False
predict_global_minima_at_end=True
generation_num=3
update_hyperparameters=False
predicted_best_parameters=array([13.51973817, 14.55310495])
predicted_best_scaled_cost=-1.0390003
predicted_best_cost=-72.67660979958528
all_params=array([[ 6.5051467 , 14.96949419],       [15.10823674, 11.72347432],       [13.48915224, 14.1239142 ],       [14.07350178, 11.08171925],       [17.27177671, 10.65615994],       [ 7.73450587, 16.57219137],       [18.36258581, 13.05380512],       [ 2.99409403,  4.49465191],       [10.06697364, 12.72920498],       [ 6.07677843,  7.78176904],       [16.45204368, 18.69238515],       [20.        , 20.        ],       [20.        , 20.        ],       [20.        , 15.4892059 ],       [12.04594856, 19.15833541],       [15.52632181, 19.81478093],       [14.4874096 , 20.        ],       [14.03373037, 17.89526876],       [16.15986029, 18.06264578],       [14.88180996, 15.92506628],       [16.10068206, 17.0450295 ],       [15.54046687, 16.91981774],       [ 3.14697834,  4.97182669],       [20.        , 12.43879253],       [18.88539378, 12.76074424],       [20.        , 12.95901727],       [ 8.90717243, 12.63101703],       [13.42557649, 16.72621041],       [13.06457251, 16.99546293],       [14.3619571 , 17.58766856],       [ 5.26234147, 18.73086257],       [12.66310116, 16.08235389],       [17.07856867, 19.61033281],       [20.        , 11.47746174],       [19.86285522,  7.05312204],       [ 7.35590864,  8.90112417],       [ 7.83816481,  8.95537924],       [ 6.32247056,  8.37589596],       [16.00748487,  2.2957297 ],       [16.89226323, 13.23184153],       [13.12343659, 16.86374032],       [11.12502113, 16.91065374],       [10.5663329 , 16.70376358],       [10.23858417, 16.34595461],       [10.90738185, 16.88113574],       [10.60775189, 16.825721  ],       [ 9.28349309, 14.69601889],       [17.02596694, 13.22809007],       [17.37926268, 12.9835147 ],       [ 6.96615762,  7.30642023],       [13.06560935,  8.19187329],       [16.43158279, 13.53104909],       [13.97206628, 16.69539802],       [16.72924183, 13.36892186],       [ 1.4694422 , 16.20038206],       [17.38914512, 12.95417582],       [13.36748769, 13.29559858],       [16.92562293, 13.00873198],       [13.11185111, 10.54149527],       [ 9.62310007, 15.66393268],       [16.851462  , 13.47185805],       [12.43713808, 17.06147211],       [ 6.53999851,  6.64106326],       [13.46694485, 17.76899828],       [11.45323467, 17.01587351],       [16.78592416, 13.26448809],       [16.85641854, 16.56426049],       [13.02829247, 17.01856826],       [13.84767171, 14.80713189],       [14.51354073, 13.36012019],       [18.83159159, 12.33665125],       [ 5.37837155,  7.65655719],       [17.25476757, 13.33150599],       [16.94865006, 13.23831125],       [ 5.75131114,  5.8636958 ],       [16.99103621, 13.14023543],       [ 8.48964234, 13.71083893],       [11.42128095, 14.38370299],       [15.74699885,  9.6569227 ],       [13.54048994, 16.87711183],       [ 6.57408924,  7.79113017],       [16.0306207 , 18.55165654],       [ 2.12635426, 15.36489763],       [13.65749695, 17.10544794],       [17.92875703, 13.25976942],       [ 8.87798267, 16.28653995],       [ 7.35303069, 10.519409  ],       [ 9.71617671, 14.48555467],       [16.79962041, 13.38133252],       [ 8.19477966, 11.87269001],       [ 6.5051467 , 10.88997978],       [20.        ,  8.09930233],       [17.07475683, 18.77482088],       [16.44918079, 18.68388191]])
all_costs=array([  -3.26268665,   -3.26268665,  -65.55643648,  -26.07012476,        -22.79777008,  -62.92364486,  -71.24254337,  -17.72011319,         -3.26268665,  -70.34797417,  -94.62717192,   -3.26268665,         -3.26268665,   -3.26268665,   -3.26268665,   -3.26268665,         -3.26268665,  -69.9655493 ,   -3.26268665,   -3.26268665,         -3.26268665,  -65.54543367,   -3.26268665,  -64.59374032,        -68.72866564,   -3.26268665,  -50.90541403,  -92.05871931,        -92.04867469,   -3.26268665,   -3.26268665,   -3.26268665,         -3.26268665,   -3.26268665,  -58.99244251,   -3.26268665,         -3.26268665,   -3.26268665,   -3.26268665,  -88.45758081,         -3.26268665, -107.96691879,   -3.26268665,  -65.49466421,         -3.26268665,   -3.26268665,  -58.59722959, -134.67452791,        -96.91217307,  -31.24325432,  -43.43867348,   -3.26268665,         -3.26268665, -178.60550123,   -3.26268665,   -3.26268665,        -41.40599772,  -57.7720679 ,  -20.5315127 ,   -3.26268665,         -3.26268665,  -51.01757866,  -18.65139985,   -3.26268665,        -39.41929916,   -3.26268665,   -3.26268665,   -3.26268665,        -48.17253596,   -3.26268665,  -37.90623653,  -22.10952862,         -3.26268665,  -88.71011001,  -47.35894711,  -64.85492018,        -56.18158508,   -3.26268665,  -21.90381725, -120.00347214,        -23.80771359,  -72.95174207,   -3.26268665, -104.10027207,        -31.66538409,  -44.85062113,  -36.69079925,   -3.26268665,         -3.26268665,  -29.89494988,  -40.48908169,  -27.90190819,         -3.26268665,   -3.26268665])
all_uncers=array([   inf,    inf, 1.e-08, 1.e-08, 1.e-08, 1.e-08, 1.e-08, 1.e-08,          inf, 1.e-08, 1.e-08,    inf,    inf,    inf,    inf,    inf,          inf, 1.e-08,    inf,    inf,    inf, 1.e-08,    inf, 1.e-08,       1.e-08,    inf, 1.e-08, 1.e-08, 1.e-08,    inf,    inf,    inf,          inf,    inf, 1.e-08,    inf,    inf,    inf, 1.e-08, 1.e-08,          inf, 1.e-08,    inf, 1.e-08,    inf,    inf, 1.e-08, 1.e-08,       1.e-08, 1.e-08, 1.e-08,    inf,    inf, 1.e-08,    inf,    inf,       1.e-08, 1.e-08, 1.e-08,    inf,    inf, 1.e-08, 1.e-08,    inf,       1.e-08,    inf,    inf,    inf, 1.e-08,    inf, 1.e-08, 1.e-08,          inf, 1.e-08, 1.e-08, 1.e-08, 1.e-08,    inf, 1.e-08, 1.e-08,       1.e-08, 1.e-08,    inf, 1.e-08, 1.e-08, 1.e-08, 1.e-08,    inf,          inf, 1.e-08, 1.e-08, 1.e-08,    inf,    inf])
bad_run_indexs=[0, 1, 8, 11, 12, 13, 14, 15, 16, 18, 19, 20, 22, 25, 29, 30, 31, 32, 33, 35, 36, 37, 40, 42, 44, 45, 51, 52, 54, 55, 59, 60, 63, 65, 66, 67, 69, 72, 77, 82, 87, 88, 92, 93]
best_cost=-inf
best_params=array([ 6.5051467 , 14.96949419])
best_index=0
worst_cost=-3.2626866539378483
worst_index=38
cost_range=inf
costs_count=94
params_count=65
cost_scaler_init_index=11
net_0={'last_hyperfit': 0, 'last_net_reg': 1e-08, 'regularization_history': [1e-08], 'losses_list': [1.7886672, 0.20257781, 0.07491803, 0.03911586, 0.016442062, 0.0069486145, 0.0026540323, 0.0009033863, 0.00019987933, 4.6199264e-05, 2.1821876e-05, 1.0255349e-05, 5.1335255e-06, 1.8600406e-06, 7.8467605e-07, 6.274287e-07, 6.154196e-07, 5.722069e-07, 5.5076265e-07, 5.476972e-07, 5.4746886e-07, 5.4690395e-07, 5.4667663e-07, 5.465901e-07, 5.465798e-07, 5.465778e-07, 5.465733e-07, 5.465719e-07, 5.465715e-07, 5.465716e-07, 0.95085734, 0.1650953, 0.064282425, 0.02099983, 0.008923982, 0.0036757952, 0.0015615746, 0.00037305208, 9.7242446e-05, 3.4868113e-05, 8.961269e-06, 5.5310147e-06, 2.7183992e-06, 1.1937574e-06, 6.966169e-07, 6.079734e-07, 5.738916e-07, 5.5561605e-07, 0.47314608, 0.40613848, 0.44330582, 0.4232534, 0.7346517, 0.38820198, 0.31460476, 0.27033916, 0.35409653, 0.27104577, 0.24298768, 0.235826, 0.42553973, 0.350811, 0.3145911, 0.28316313, 0.6064674, 0.64955753, 0.4691321, 0.5367629, 0.9630381, 0.3870617, 0.3181567, 0.28862238, 0.8712435, 0.53616655, 0.5041274, 0.48617646, 0.9789997, 0.6956223, 0.6620987, 0.63216573, 0.68517345, 0.8312076, 1.1812164, 1.0149865, 1.1561185, 1.0112987, 1.021511, 0.9255335, 1.0922515, 0.9358298, 0.867793, 0.8143086, 1.0672742, 1.7639707, 1.3509911, 1.0889306, 1.051831, 1.008141, 1.091209, 0.9653431, 0.93169594, 0.8505756, 0.81254613, 1.1936792, 1.1048812, 0.86998594, 0.78690946, 0.76244915, 0.81090474, 0.70461994, 0.8067946, 0.71413165, 0.6824183, 0.719683], 'scaler_samples': (array([[ 6.5051467 , 14.96949419],       [15.10823674, 11.72347432],       [13.48915224, 14.1239142 ],       [14.07350178, 11.08171925],       [17.27177671, 10.65615994],       [ 7.73450587, 16.57219137],       [18.36258581, 13.05380512],       [ 2.99409403,  4.49465191],       [10.06697364, 12.72920498],       [ 6.07677843,  7.78176904],       [16.45204368, 18.69238515]]), array([-17.72011319, -17.72011319, -65.55643648, -26.07012476,       -22.79777008, -62.92364486, -71.24254337, -17.72011319,       -17.72011319, -70.34797417, -94.62717192])), 'net': {'saver_path': './M-LOOP_archives/neural_net_archive_2024-07-30_16-42__RT_hG0F.ckpt'}}
net_1={'last_hyperfit': 0, 'last_net_reg': 1e-08, 'regularization_history': [1e-08], 'losses_list': [1.6452874, 0.33770186, 0.07209489, 0.03125927, 0.019421492, 0.013871264, 0.008870285, 0.0052538174, 0.002999134, 0.001486189, 0.0006081049, 0.00019178225, 4.0579805e-05, 4.168275e-06, 1.0272886e-06, 1.8833475e-06, 1.5222859e-06, 8.8073e-07, 5.841247e-07, 5.2236896e-07, 5.2245946e-07, 5.236059e-07, 5.212205e-07, 5.19613e-07, 5.192411e-07, 5.1924223e-07, 5.192468e-07, 5.192337e-07, 5.192256e-07, 5.1922314e-07, 1.3618865, 0.2154799, 0.09589701, 0.03305505, 0.009837678, 0.006109207, 0.0024665555, 0.0010174313, 0.0004436938, 0.00013569853, 4.924738e-05, 9.230493e-06, 2.9037699e-06, 1.0529251e-06, 7.9008817e-07, 6.6665416e-07, 6.01788e-07, 5.5641215e-07, 0.9756991, 0.25281495, 0.18234245, 0.1553946, 0.16995035, 0.06622087, 0.023981508, 0.032122985, 1.3639888, 0.38267073, 0.2868326, 0.25033236, 0.30692342, 0.25184953, 0.23722163, 0.23059754, 0.4348177, 0.34561816, 0.30542806, 0.2599237, 0.22014365, 0.18292809, 0.14184079, 0.098751046, 0.0665007, 0.03370058, 0.010029889, 0.002799736, 0.0012852575, 0.0014671199, 0.00027985248, 0.00019641824, 0.00012476629, 0.00012586293, 0.00012004867, 3.0985568e-05, 0.6181408, 0.52075845, 0.412744, 0.30591628, 0.4850727, 0.27491927, 0.65733904, 0.27349713, 0.25349507, 0.2322376, 0.6740073, 0.5519764, 0.46639082, 0.4425382, 1.0794203, 0.6501353, 0.59598535, 0.55069965, 0.59183526, 0.7370029, 1.0696292, 0.7461668, 0.6659049, 1.025333, 0.86477447, 0.5880342, 0.53428704, 0.42249972, 0.42344117, 0.32654133, 0.29023087, 0.34660986, 1.0886303, 0.5735703, 0.47688365, 0.46761197, 0.8541425, 1.6197634, 1.249734, 1.0181236, 0.90337026, 0.83171344, 0.91605765, 0.8308738, 0.7815822, 0.71497804, 0.699097, 0.75234276, 0.76710963, 0.61798483, 0.6954699, 0.59651273, 0.5670143, 0.56959623], 'scaler_samples': (array([[ 6.5051467 , 14.96949419],       [15.10823674, 11.72347432],       [13.48915224, 14.1239142 ],       [14.07350178, 11.08171925],       [17.27177671, 10.65615994],       [ 7.73450587, 16.57219137],       [18.36258581, 13.05380512],       [ 2.99409403,  4.49465191],       [10.06697364, 12.72920498],       [ 6.07677843,  7.78176904],       [16.45204368, 18.69238515]]), array([-17.72011319, -17.72011319, -65.55643648, -26.07012476,       -22.79777008, -62.92364486, -71.24254337, -17.72011319,       -17.72011319, -70.34797417, -94.62717192])), 'net': {'saver_path': './M-LOOP_archives/neural_net_archive_2024-07-30_16-42_jT_R3rsV.ckpt'}}
net_2={'last_hyperfit': 0, 'last_net_reg': 1e-08, 'regularization_history': [1e-08], 'losses_list': [0.92806524, 0.16878472, 0.060841557, 0.02470002, 0.014841882, 0.00922368, 0.00528057, 0.0029777354, 0.0015057598, 0.0006404957, 0.00023336186, 5.9784303e-05, 1.0255041e-05, 1.0225594e-06, 1.1352282e-06, 1.2432918e-06, 9.5008863e-07, 6.693181e-07, 5.633046e-07, 5.4492733e-07, 5.4536343e-07, 5.45561e-07, 5.445656e-07, 5.439549e-07, 5.4381724e-07, 5.438142e-07, 5.438156e-07, 5.4381314e-07, 5.438101e-07, 5.4380916e-07, 1.3217359, 0.2073491, 0.087420456, 0.01927973, 0.01389042, 0.0071760635, 0.003988121, 0.0023828724, 0.0012633209, 0.0007083674, 0.0003470677, 0.0001581912, 6.296162e-05, 2.2504313e-05, 7.25185e-06, 2.1857093e-06, 8.3062764e-07, 5.763532e-07, 5.515177e-07, 5.552974e-07, 0.71514714, 0.29702052, 0.09250397, 0.061436947, 0.03698325, 0.014560756, 0.011010788, 0.01263815, 1.3417269, 0.4347709, 0.328646, 0.29710826, 0.26745707, 0.26054993, 0.37430674, 0.27222684, 0.23176377, 0.21224521, 0.45461166, 0.3741292, 0.3459359, 0.3247897, 0.6225113, 0.53022945, 0.85165423, 0.42200646, 0.366871, 0.34269163, 0.6615324, 0.56168985, 0.5174009, 0.49502668, 1.0308281, 0.7183897, 0.6847449, 0.6219561, 0.6754751, 0.8479937, 1.118559, 0.81549084, 0.7549067, 0.7902372, 1.2446982, 0.76195854, 0.78253496, 0.5757483, 0.9647092, 0.7205144, 0.8504109, 0.616055, 0.9079854, 1.4183856, 1.3602897, 0.9745445, 0.8980315, 0.84361726, 0.96189225, 0.8613835, 0.87657416, 0.75476664, 0.7308071, 0.6859115, 0.7610636, 0.94115824, 0.955556, 0.78682315, 0.66630197, 0.7429195, 0.67375416, 0.68400264], 'scaler_samples': (array([[ 6.5051467 , 14.96949419],       [15.10823674, 11.72347432],       [13.48915224, 14.1239142 ],       [14.07350178, 11.08171925],       [17.27177671, 10.65615994],       [ 7.73450587, 16.57219137],       [18.36258581, 13.05380512],       [ 2.99409403,  4.49465191],       [10.06697364, 12.72920498],       [ 6.07677843,  7.78176904],       [16.45204368, 18.69238515]]), array([-17.72011319, -17.72011319, -65.55643648, -26.07012476,       -22.79777008, -62.92364486, -71.24254337, -17.72011319,       -17.72011319, -70.34797417, -94.62717192])), 'net': {'saver_path': './M-LOOP_archives/neural_net_archive_2024-07-30_16-42_ZGA3gmhf.ckpt'}}
