mloop_version='3.3.4'
archive_type='neural_net_learner'
num_params=2
min_boundary=array([1., 1.])
max_boundary=array([20., 20.])
start_datetime='2024-07-29_20-55'
param_names=['Num Be+', 'Num O2+']
search_precision=1e-06
parameter_searches=10
bad_uncer_frac=0.1
trust_region=nan
has_trust_region=False
predict_global_minima_at_end=True
generation_num=3
update_hyperparameters=False
predicted_best_parameters=array([12.29638391, 11.52202187])
predicted_best_scaled_cost=-3.8464413
predicted_best_cost=-196.2754136863062
all_params=array([[17.00498061,  8.49499282],       [ 4.34792859,  5.86627534],       [12.3543074 ,  6.66389336],       [17.77806351, 15.65048308],       [ 9.98646905,  7.50402157],       [10.54568739,  8.44282531],       [12.75825882, 19.23924763],       [14.74225253, 17.45544639],       [ 2.94030575,  5.977039  ],       [10.44853289, 12.31974403],       [17.21707716,  5.81433738],       [ 1.        , 20.        ],       [ 1.        , 20.        ],       [ 2.62522192, 20.        ],       [12.31078306, 15.70654102],       [10.48940986, 12.12513276],       [ 9.17910115, 12.85187795],       [10.39744973, 12.66670765],       [13.01217048,  7.92183879],       [20.        ,  1.        ],       [20.        ,  1.        ],       [18.79737583,  1.        ],       [15.21952194, 18.02766166],       [11.2295307 , 11.5459469 ],       [10.88118181, 11.66241983],       [10.23325079, 11.49661111],       [ 6.56170518, 18.10875738],       [16.02330202,  2.36132134],       [17.17400618,  6.20237026],       [16.76641346,  5.24694311],       [ 7.76392592,  5.2478799 ],       [17.21158806,  6.72780154],       [19.4220227 ,  5.94328838],       [ 7.94041187, 20.        ],       [14.30080015, 14.03893402],       [17.18415996,  6.2495208 ],       [10.52730753, 12.51106763],       [ 1.        , 20.        ],       [18.46687622, 12.17933825],       [17.07659099,  6.32421351],       [17.19863552,  6.30928107],       [17.13620961,  6.41879858],       [ 5.61765379,  2.94619691],       [20.        , 11.40149036],       [17.67057023, 11.9901605 ],       [20.        , 12.08563518],       [ 2.62846058, 10.58772125],       [14.63288838, 12.79420856],       [13.89644586, 12.83350508],       [ 9.66705299, 12.10517608],       [ 5.12145049, 17.3134141 ],       [16.44222089,  6.57526163],       [15.05754444, 12.93379075],       [15.40067056, 12.26921421],       [12.63324731,  1.83214507],       [17.94213591, 12.71322247],       [18.18432244,  5.15632661],       [17.60831499,  5.7165581 ],       [14.37849258, 11.97059915],       [17.85472976, 13.080235  ],       [18.73895875, 13.23286815],       [18.88848119, 13.53671035],       [ 9.40937769, 14.50523764],       [17.8099062 , 12.70634274],       [17.82429268, 12.67020887],       [17.86914365, 12.49191027],       [ 8.2529011 ,  5.65489052],       [13.94047215, 12.11695942],       [14.48026445, 12.39862465],       [17.64742638,  5.92026262]])
all_costs=array([ -48.89826636,  -12.08889214,  -32.01356816,   -0.37663098,        -58.65542647,  -41.23779497,  -57.66671492,   -0.37663098,         -6.5642048 , -140.88364721,  -86.35435611,  -74.75859201,        -55.35370181,  -37.53945413,  -13.99137672,  -59.71119185,        -47.40880792,  -38.26429873,  -42.1261064 ,  -23.98597306,        -58.0636714 ,  -64.67024393,  -48.02880964,  -44.01360815,        -34.11873214,  -37.05124327,  -84.15310911,   -6.95827453,       -135.90386601,  -33.34645544,  -28.96284462,  -86.30351972,        -52.39858277,  -34.80605763,  -74.39694437,  -96.27905984,        -45.73170486,   -0.37663098, -113.30502586,  -95.48924943,        -88.01775062,  -48.66202417,   -0.37663098,   -0.37663098,        -54.90573525,   -0.37663098,  -22.31195374, -146.90131975,        -43.11345997,  -39.55298876,  -27.96801646,  -65.32358872,        -41.1309389 ,  -27.88103201,  -15.69443868, -326.31175456,        -49.32251845, -205.41154269, -132.86076895, -118.06213425,         -0.37663098,   -0.37663098,  -50.13262486,   -0.37663098,        -51.85560636,  -84.5113063 ,  -33.6815027 ,  -53.8419805 ,       -100.347916  ,  -70.73773966])
all_uncers=array([1.00000000e-08, 1.00000000e-08, 1.00000000e-08, 3.25935124e+01,       1.00000000e-08, 1.00000000e-08, 1.00000000e-08, 3.25935124e+01,       1.00000000e-08, 1.00000000e-08, 1.00000000e-08, 1.00000000e-08,       1.00000000e-08, 1.00000000e-08, 1.00000000e-08, 1.00000000e-08,       1.00000000e-08, 1.00000000e-08, 1.00000000e-08, 1.00000000e-08,       1.00000000e-08, 1.00000000e-08, 1.00000000e-08, 1.00000000e-08,       1.00000000e-08, 1.00000000e-08, 1.00000000e-08, 1.00000000e-08,       1.00000000e-08, 1.00000000e-08, 1.00000000e-08, 1.00000000e-08,       1.00000000e-08, 1.00000000e-08, 1.00000000e-08, 1.00000000e-08,       1.00000000e-08, 3.25935124e+01, 1.00000000e-08, 1.00000000e-08,       1.00000000e-08, 1.00000000e-08, 1.00000000e-08, 3.25935124e+01,       1.00000000e-08, 3.25935124e+01, 1.00000000e-08, 1.00000000e-08,       1.00000000e-08, 1.00000000e-08, 1.00000000e-08, 1.00000000e-08,       1.00000000e-08, 1.00000000e-08, 1.00000000e-08, 1.00000000e-08,       1.00000000e-08, 1.00000000e-08, 1.00000000e-08, 1.00000000e-08,       3.25935124e+01, 3.25935124e+01, 1.00000000e-08, 3.25935124e+01,       1.00000000e-08, 1.00000000e-08, 1.00000000e-08, 1.00000000e-08,       1.00000000e-08, 1.00000000e-08])
bad_run_indexs=[3, 7, 37, 43, 45, 60, 61, 63]
best_cost=-326.3117545566172
best_params=array([17.94213591, 12.71322247])
best_index=55
worst_cost=-0.3766309842521878
worst_index=42
cost_range=325.935123572365
costs_count=70
params_count=47
cost_scaler_init_index=11
net_0={'last_hyperfit': 0, 'last_net_reg': 1e-08, 'regularization_history': [1e-08], 'losses_list': [2.16295, 0.21084909, 0.03982832, 0.040300276, 0.019413488, 0.014101292, 0.011429487, 0.0092233755, 0.007947934, 0.0065735825, 0.0053253523, 0.0041567096, 0.003071275, 0.0021121756, 0.0013229611, 0.00073372526, 0.00034829875, 0.00013587216, 4.1243475e-05, 8.998455e-06, 1.4406166e-06, 6.3338325e-07, 7.4555965e-07, 7.19297e-07, 6.254137e-07, 5.6517143e-07, 5.450594e-07, 5.421498e-07, 5.424698e-07, 5.424912e-07, 5.4230435e-07, 5.42187e-07, 5.4215207e-07, 5.421477e-07, 5.421478e-07, 5.4214803e-07, 5.421479e-07, 5.4214775e-07, 5.421476e-07, 5.421476e-07, 0.25525144, 0.4956229, 0.11760222, 0.05348092, 0.026864536, 0.019197112, 0.016266046, 0.013722557, 0.012105708, 0.010691056, 0.68121386, 0.31938, 0.28866386, 0.27903223, 0.3025085, 0.26422086, 0.20494674, 0.20112127, 0.44179133, 0.26454505, 0.22876865, 0.21671343, 0.52326244, 0.27529398, 0.22625892, 0.19811971, 0.17070688, 0.15313153, 0.22918372, 0.22493723, 0.31210876, 0.2665991, 0.18427181, 0.17706905, 0.30123758, 0.18530867, 0.31681022, 0.19710793, 0.1902619, 0.18304393, 0.30009985, 0.2587888, 0.2316895, 0.23137602, 0.2754903, 0.29115412, 0.409683, 0.30598837, 0.27069396, 0.24731132, 0.980985, 0.7073016, 0.52463037, 0.37642086, 0.3063614, 0.23951106, 0.2220225, 0.18837902, 0.14952707, 0.19622606, 0.101292506, 0.09693178, 2.294634, 0.776636, 0.58020055, 0.38195553, 0.3078538, 0.23978692, 0.1184917, 0.10880062, 0.8902581, 0.88459575, 0.80475324, 0.84685415, 0.9314388, 0.70869356, 0.6649667, 0.63990563, 0.5979933, 0.6641525], 'scaler_samples': (array([[17.00498061,  8.49499282],       [ 4.34792859,  5.86627534],       [12.3543074 ,  6.66389336],       [17.77806351, 15.65048308],       [ 9.98646905,  7.50402157],       [10.54568739,  8.44282531],       [12.75825882, 19.23924763],       [14.74225253, 17.45544639],       [ 2.94030575,  5.977039  ],       [10.44853289, 12.31974403],       [17.21707716,  5.81433738]]), array([ -48.89826636,  -12.08889214,  -32.01356816,   -6.5642048 ,        -58.65542647,  -41.23779497,  -57.66671492,   -6.5642048 ,         -6.5642048 , -140.88364721,  -86.35435611])), 'net': {'saver_path': './M-LOOP_archives/neural_net_archive_2024-07-29_20-55_aa8A2gHj.ckpt'}}
net_1={'last_hyperfit': 0, 'last_net_reg': 1e-08, 'regularization_history': [1e-08], 'losses_list': [0.9742643, 0.075522244, 0.02207986, 0.01339665, 0.01185911, 0.0069337897, 0.0043308227, 0.002963014, 0.0018502317, 0.001027713, 0.0004865583, 0.00018484092, 5.1067294e-05, 8.641027e-06, 9.031945e-07, 9.353182e-07, 1.1397492e-06, 8.6815425e-07, 6.2662866e-07, 5.4492733e-07, 5.3382166e-07, 5.3542306e-07, 5.351238e-07, 5.340435e-07, 5.3357155e-07, 5.334994e-07, 5.335063e-07, 5.335053e-07, 5.3350107e-07, 5.334977e-07, 2.405961, 0.2653291, 0.05608156, 0.04418752, 0.032365877, 0.020918222, 0.014187869, 0.010668026, 0.009105056, 0.008747308, 0.8619612, 0.5801294, 0.33915722, 0.3443967, 0.41200185, 0.3002806, 0.23092213, 0.2272406, 0.36000666, 0.2604425, 0.23849368, 0.22707486, 0.46384332, 0.3050727, 0.24999611, 0.21186496, 0.19236757, 0.18370536, 0.42634213, 0.31345636, 0.24051362, 0.19909078, 0.34037676, 0.2280228, 0.20263898, 0.21441185, 0.35803923, 0.22473177, 0.2119734, 0.20529218, 0.31715387, 0.2575879, 0.23511828, 0.22874999, 0.29910707, 0.34375483, 0.4416343, 0.30520687, 0.28966, 0.27197364, 0.9197517, 0.6853268, 0.51148385, 0.50166, 0.40857285, 0.31580502, 0.30056816, 0.29545057, 0.94802386, 0.75180703, 0.45794788, 0.3084403, 0.3258132, 0.197559, 0.14912997, 0.12582725, 2.5731857, 1.2946972, 0.9834119, 0.9355955], 'scaler_samples': (array([[17.00498061,  8.49499282],       [ 4.34792859,  5.86627534],       [12.3543074 ,  6.66389336],       [17.77806351, 15.65048308],       [ 9.98646905,  7.50402157],       [10.54568739,  8.44282531],       [12.75825882, 19.23924763],       [14.74225253, 17.45544639],       [ 2.94030575,  5.977039  ],       [10.44853289, 12.31974403],       [17.21707716,  5.81433738]]), array([ -48.89826636,  -12.08889214,  -32.01356816,   -6.5642048 ,        -58.65542647,  -41.23779497,  -57.66671492,   -6.5642048 ,         -6.5642048 , -140.88364721,  -86.35435611])), 'net': {'saver_path': './M-LOOP_archives/neural_net_archive_2024-07-29_20-55_Z9Ppf3IQ.ckpt'}}
net_2={'last_hyperfit': 0, 'last_net_reg': 1e-08, 'regularization_history': [1e-08], 'losses_list': [0.8139286, 0.044198923, 0.036097065, 0.020259736, 0.008807283, 0.0074695745, 0.004560965, 0.0024038376, 0.0011207535, 0.00037367418, 6.4899585e-05, 4.3824652e-06, 7.4835752e-06, 6.5547993e-06, 2.368394e-06, 6.7334037e-07, 5.667427e-07, 6.046195e-07, 5.599696e-07, 5.324222e-07, 5.3025065e-07, 5.309e-07, 5.3006414e-07, 5.2963736e-07, 5.2962287e-07, 5.296255e-07, 5.296101e-07, 5.2960496e-07, 5.2960604e-07, 5.2960803e-07, 0.34727627, 0.260197, 0.11478478, 0.042840246, 0.024360806, 0.018017378, 0.014985673, 0.013128712, 0.011976415, 0.011052871, 0.5946459, 0.39244464, 0.31155613, 0.38174242, 0.25090918, 0.20581341, 0.20158383, 0.21092844, 0.37037548, 0.2258319, 0.21280012, 0.20488958, 0.46972963, 0.30069092, 0.24999416, 0.2110103, 0.18389146, 0.1763012, 0.32108122, 0.22304402, 0.2979276, 0.28389063, 0.36607987, 0.24675329, 0.21114655, 0.19811793, 0.3544204, 0.21248679, 0.19781967, 0.19256794, 0.3793435, 0.28134045, 0.22419359, 0.21290872, 0.29970494, 0.40414348, 0.44705224, 0.30880484, 0.27849576, 0.25182796, 0.95961994, 0.7195754, 0.78103375, 0.5588523, 0.48894092, 0.5751206, 1.1684785, 0.91215724, 0.65783614, 0.7484577, 0.39106753, 0.2839802, 0.21235627, 0.15477836, 1.8837011, 1.2828144, 1.029107, 0.94142085], 'scaler_samples': (array([[17.00498061,  8.49499282],       [ 4.34792859,  5.86627534],       [12.3543074 ,  6.66389336],       [17.77806351, 15.65048308],       [ 9.98646905,  7.50402157],       [10.54568739,  8.44282531],       [12.75825882, 19.23924763],       [14.74225253, 17.45544639],       [ 2.94030575,  5.977039  ],       [10.44853289, 12.31974403],       [17.21707716,  5.81433738]]), array([ -48.89826636,  -12.08889214,  -32.01356816,   -6.5642048 ,        -58.65542647,  -41.23779497,  -57.66671492,   -6.5642048 ,         -6.5642048 , -140.88364721,  -86.35435611])), 'net': {'saver_path': './M-LOOP_archives/neural_net_archive_2024-07-29_20-55_VFa024P-.ckpt'}}
